0.723241908146356
0.655457338312719
0.645962767873222
0.615852219074599
0.597092176446109
0.536825022682418
0.432056942609468
0.223794316285309
0.188870953676143
0.136731825274869
0.125070415782724
0.119159586748719
0.10613794187541
0.094152898696944
0.085731784283191
0.085007790930527
0.071217488039421
0.064050626695638
0.061600193625908
0.060233724798757
0.05812678663213
0.050969886537218
0.045031579186886
0.039472281541546
0.036035569368903
0.033386444495636
0.03004987674799
0.027578241863956
