0.722149871971513
0.649956965867138
0.641285644051131
0.625927016533612
0.591644760579352
0.533501584911273
0.34877184666618
0.193217320459473
0.132377278414956
0.117764440340618
0.104241588747702
0.102668477016429
0.10005116525156
0.084925148083534
0.079959179266411
0.074748504834542
0.070294405475352
0.065618575913692
0.065902147783636
0.064506974182599
0.070477492146996
0.05219815700056
0.046063540678459
0.038381801706007
0.034959880731025
0.026484527138651
0.026560586297436
0.023155124507335
