0.888236295539666
0.831811528037451
0.743927256701405
0.61964220163676
0.500905500643669
0.418297438140009
0.358799552379702
0.306839567160668
0.26650553512389
0.232749356205771
0.203744923461418
0.178946695601202
0.158946110504138
0.138694554198233
0.12486674063921
0.114517487150018
0.100468095460664
0.091123939990061
0.083628402401352
0.077783424815342
0.071596358337949
0.05752872802797
0.046682657973122
0.042209057747183
0.035685095701716
0.032144449373157
0.029201939994892
0.028394852834587
