68878.3333333333
34920
23562
17885
14443
12248
10716.6666666667
9670
8936.66666666667
8559.33333333334
8178.33333333333
7961.33333333333
7777
7616.66666666667
7568.33333333333
7477.33333333333
7400.33333333333
7316.33333333333
7259
7331.66666666667
7279.33333333333
7340.66666666667
7275.66666666667
7250
7267.66666666667
7280.66666666667
7310.66666666667
7240.33333333333
7241.33333333333
7408.66666666667
7328
7304.33333333333
7345
7360.66666666667
7305.66666666667
7383.33333333333
7399.66666666667
7558.66666666667
7494.66666666667
7471.66666666667
7582
7538.33333333333
7613
7516.66666666667
7545.66666666667
7660
7639.66666666667
7644.33333333333
7652.33333333333
7728.66666666667
7710.33333333333
7631.66666666667
7785.33333333333
7849.66666666667
7849.33333333333
7866.33333333333
7727.33333333333
7854
7856.66666666667
7833
7862.33333333333
7864
7919
7890.33333333333
