59024.6666666667
30103
20272.6666666667
15453.3333333333
12366.3333333333
10479.3333333333
9056.33333333334
8027.33333333333
7321.33333333333
6650.66666666667
6132.33333333333
5707
5289.33333333333
4989
4751
4551
4420.66666666667
4332.33333333333
4191.33333333333
4105.33333333333
4037.66666666667
4041
3984.33333333333
4056
3963.66666666667
3990.66666666667
3952.66666666667
4006.33333333333
4027.66666666667
4060.66666666667
4052.66666666667
4094.66666666667
4145.33333333333
4232
4251.66666666667
4286
4422
4491.33333333333
4467.33333333333
4586.33333333333
4645
4776.66666666667
4779.66666666667
4828
4942.33333333333
5003.33333333333
5119
5096
5191
5207.66666666667
5230.33333333333
5302.33333333333
5425.66666666667
5401.66666666667
5455.66666666667
5554.33333333333
5501.66666666667
5601
5628.66666666667
5717
5693
5873.66666666667
5688.66666666667
5875
