68965
34974.6666666667
23718.3333333333
17892.3333333333
14522.3333333333
12412.6666666667
10865
9853.66666666667
9210.66666666667
8703.66666666667
8424.33333333333
8119
7943
7808
7716.66666666667
7650.33333333333
7596.33333333333
7558.33333333333
7455.66666666667
7464
7399
7401.66666666667
7400
7447.33333333333
7417.66666666667
7251
7337
7374.33333333333
7328
7278
7356
7299
7335.66666666667
7374
7390.33333333333
7333
7460.33333333333
7414
7364.33333333333
7431.33333333333
7471.66666666667
7437.33333333333
7453.66666666667
7434.66666666667
7492
7531.33333333333
7589
7583.66666666667
7483
7653.66666666667
7600.33333333333
7675.33333333333
7685.66666666667
7712.66666666667
7735.33333333333
7782.66666666667
7702.33333333333
7788.66666666667
7816.33333333333
7818.33333333333
7674
7902
7810.66666666667
7899.66666666667